0001000110101011
0001000010101111
0001010111111100
0100000000000000
0010000000000000
0000000000000000
0000000000000000
0000000000000000
0000110110110100
0000110011110001
0000100111100000
0100000000000000
0010000000000000
0000000000000000
0000000000000000
0000000000000000
0000101110110010
0000101100001011
0000001110111101
0100000000000000
0010000000000000
0000000000000000
0000000000000000
0000000000000000
0000101011010110
0000101000111100
0000000100011101
0100000000000000
0010000000000000
0000000000000000
0000000000000000
0000000000000000