0001011111100011
0010001101011111
0001110000101110
0100000000000000
0010000000000000
0000000000000000
0000000000000000
0000000000000000
0001010101011110
0001111110100100
0001010111010101
0100000000000000
0010000000000000
0000000000000000
0000000000000000
0000000000000000
0001001101100110
0001110010111010
0001000011011111
0100000000000000
0010000000000000
0000000000000000
0000000000000000
0000000000000000
0001000111011011
0001101001110001
0000110011111100
0100000000000000
0010000000000000
0000000000000000
0000000000000000
0000000000000000
0001000010100111
0001100010101001
0000100111110101
0100000000000000
0010000000000000
0000000000000000
0000000000000000
0000000000000000
0000111110111011
0001011101001010
0000011110100000
0100000000000000
0010000000000000
0000000000000000
0000000000000000
0000000000000000
0000111100001001
0001011001000011
0000010111100000
0100000000000000
0010000000000000
0000000000000000
0000000000000000
0000000000000000
0000111010001010
0001010110000111
0000010010100000
0100000000000000
0010000000000000
0000000000000000
0000000000000000
0000000000000000
0000111000111000
0001010100001110
0000001111010010
0100000000000000
0010000000000000
0000000000000000
0000000000000000
0000000000000000
0000111000010000
0001010011010011
0000001101101101
0100000000000000
0010000000000000
0000000000000000
0000000000000000
0000000000000000