0001000000011011
0001111010010010
0001010111011010
0000000000000000
1110000000000000
0000000000000000
0000000000000000
0000000000000000
0001000000011011
1110000101101110
0001010111011010
0000000000000000
1110000000000000
0000000000000000
0000000000000000
0000000000000000
0000110110111001
0000110110001101
0000100000100010
0000000000000000
1110000000000000
0000000000000000
0000000000000000
0000000000000000
0000110110111001
1111001001110011
0000100000100010
0000000000000000
1110000000000000
0000000000000000
0000000000000000
0000000000000000