0000010110110010
1101111110000010
0001011101000111
0100000000000000
0010000000000000
0000000000000000
0000000000000000
0000000000000000
0000010010001101
1110011000001100
0000110000100111
0100000000000000
0010000000000000
0000000000000000
0000000000000000
0000000000000000
0000001111110001
1110100110000011
0000011001000011
0100000000000000
0010000000000000
0000000000000000
0000000000000000
0000000000000000
0000001110101101
1110101100000110
0000001110101111
0100000000000000
0010000000000000
0000000000000000
0000000000000000
0000000000000000