0001010111110001
1101111110000010
0001011101000111
1100000000000000
0010000000000000
0000000000000000
0000000000000000
0000000000000000
0001000110000111
1110011000001100
0000110000100111
1100000000000000
0010000000000000
0000000000000000
0000000000000000
0000000000000000
0000111100110000
1110100110000011
0000011001000011
1100000000000000
0010000000000000
0000000000000000
0000000000000000
0000000000000000
0000111000101010
1110101100000110
0000001110101111
1100000000000000
0010000000000000
0000000000000000
0000000000000000
0000000000000000