0001011000101011
0001111010010010
0001010111011010
0000000000000000
0010000000000000
0000000000000000
0000000000000000
0000000000000000
0001011000101011
1110000101101110
0001010111011010
0000000000000000
0010000000000000
0000000000000000
0000000000000000
0000000000000000
0001001011100011
0000110110001101
0000100000100010
0000000000000000
0010000000000000
0000000000000000
0000000000000000
0000000000000000
0001001011100011
1111001001110011
0000100000100010
0000000000000000
0010000000000000
0000000000000000
0000000000000000
0000000000000000